gamma	delta	ys	ds1hg	os2hg	zs	alphax	gamma	hu36energy	xs	thetah	ds2hg	ss1hg	current	mon2	dioderefl	mon4	gainfemtodioderefl	integration_time	sensors_rel_timestamps	sensorsTimestamps	i15-c-cx1/ex/v2_grp_gamma.rot/rot	
-0.249865429561	-0.00016364	0.0	2.0	1.9985	-69.9999496025	0.0	-0.249865429561	6.98273741544	1.5262144575	-0.917025423729	2.0	2.0	450.298502389	30.1354033813	-0.00107909545898	2.0	100000.0	0.1	3.414552	1512551044.11	-0.249771185504	
-0.239568777244	-0.00016364	0.0	2.0	1.9985	-69.9999496025	0.0	-0.239568777244	6.98269598254	1.5262144575	-0.917025423729	2.0	2.0	450.279057492	30.118532959	-0.00104844970703	2.0	100000.0	0.1	5.700443	1512551046.4	-0.239771185504	
-0.22965348242	-0.00016364	0.0	2.0	1.9985	-69.9999496025	0.0	-0.22965348242	6.98273741544	1.5262144575	-0.917025423729	2.0	2.0	450.268802326	30.142461853	-0.00107235717773	2.0	100000.0	0.1	7.752319	1512551048.45	-0.229771185504	
-0.219585644599	-0.00016364	0.0	2.0	1.9985	-69.9999496025	0.0	-0.219585644599	6.98269598254	1.5262144575	-0.917025423729	2.0	2.0	450.246363413	30.1421528931	-0.0010473449707	2.0	100000.0	0.1	9.752896	1512551050.45	-0.219771185504	
-0.209594078276	-0.00016364	0.0	2.0	1.9985	-69.9999496025	0.0	-0.209594078276	6.98273741544	1.5262144575	-0.917025423729	2.0	2.0	450.226721633	30.1393134155	-0.00106065673828	2.0	100000.0	0.1	11.909396	1512551052.61	-0.209771185504	
-0.199526240455	-0.00016364	0.0	2.0	1.9985	-69.9999496025	0.0	-0.199526240455	6.98273741544	1.5262144575	-0.917025423729	2.0	2.0	450.215518754	30.1258272095	-0.00106840820312	2.0	100000.0	0.1	13.857603	1512551054.56	-0.199771185504	
-0.189534674132	-0.00016364	0.0	2.0	1.9985	-69.9999496025	0.0	-0.189534674132	6.98269598254	1.5262144575	-0.917025423729	2.0	2.0	450.175110344	30.1403842163	-0.00109686889648	2.0	100000.0	0.1	15.855827	1512551056.56	-0.189771185504	
-0.17954310781	-0.00016364	0.0	2.0	1.9985	-69.9999496025	0.0	-0.17954310781	6.98273741544	1.5262144575	-0.917025423729	2.0	2.0	450.166437961	30.1406109009	-0.0011114440918	2.0	100000.0	0.1	17.905524	1512551058.61	-0.179771185504	
-0.169551541487	-0.00016364	0.0	2.0	1.9985	-69.9999496025	0.0	-0.169551541487	6.98273741544	1.5262144575	-0.917025423729	2.0	2.0	450.136428885	30.1336872559	-0.00111477661133	2.0	100000.0	0.1	20.042243	1512551060.74	-0.169771185504	
-0.159483703667	-0.00016364	0.0	2.0	1.9985	-69.9999496025	0.0	-0.159483703667	6.98269598254	1.5262144575	-0.917025423729	2.0	2.0	450.125501398	30.1307664795	-0.00109710693359	2.0	100000.0	0.1	21.991206	1512551062.69	-0.159771185504	
-0.149568408843	-0.00016364	0.0	2.0	1.9985	-69.9999496025	0.0	-0.149568408843	6.98273741544	1.5262144575	-0.917025423729	2.0	2.0	450.105586089	30.1398234863	-0.0010909362793	2.0	100000.0	0.1	23.989842	1512551064.69	-0.149771185504	
-0.13957684252	-0.00016364	0.0	2.0	1.9985	-69.9999496025	0.0	-0.13957684252	6.98269598254	1.5262144575	-0.917025423729	2.0	2.0	450.084134378	30.131335022	-0.0010267578125	2.0	100000.0	0.1	26.073586	1512551066.77	-0.139771185504	
-0.129509004699	-0.00016364	0.0	2.0	1.9985	-69.9999496025	0.0	-0.129509004699	6.98273741544	1.5262144575	-0.917025423729	2.0	2.0	450.074537657	30.1362410278	-0.00102263793945	2.0	100000.0	0.1	28.083315	1512551068.78	-0.129771185504	
-0.119441166878	-0.00016364	0.0	2.0	1.9985	-69.9999496025	0.0	-0.119441166878	6.98277884848	1.5262144575	-0.917025423729	2.0	2.0	450.056507718	30.1314893188	-0.000970812988281	2.0	100000.0	0.1	30.082917	1512551070.78	-0.119771185504	
-0.109525872054	-0.00016364	0.0	2.0	1.9985	-69.9999496025	0.0	-0.109525872054	6.98269598254	1.5262144575	-0.917025423729	2.0	2.0	450.023972616	30.1302325439	-0.000966192626953	2.0	100000.0	0.1	32.135716	1512551072.84	-0.109771185504	
-0.0994580342331	-0.00016364	0.0	2.0	1.9985	-69.9999496025	0.0	-0.0994580342331	6.98273741544	1.5262144575	-0.917025423729	2.0	2.0	450.014290586	30.1252056885	-0.000906591796875	2.0	100000.0	0.1	34.179228	1512551074.88	-0.0997711855041	
-0.0894664679106	-0.00016364	0.0	2.0	1.9985	-69.9999496025	0.0	-0.0894664679106	6.98269598254	1.5262144575	-0.917025423729	2.0	2.0	449.993906263	30.1273068237	-0.000784375	2.0	100000.0	0.1	36.177902	1512551076.88	-0.0897711855041	
-0.0794749015881	-0.00016364	0.0	2.0	1.9985	-69.9999496025	0.0	-0.0794749015881	6.98273741544	1.5262144575	-0.917025423729	2.0	2.0	449.984004814	30.1225845337	-0.000644799804687	2.0	100000.0	0.1	38.261464	1512551078.96	-0.0797711855041	
-0.0694833352656	-0.00016364	0.0	2.0	1.9985	-69.9999496025	0.0	-0.0694833352656	6.98273741544	1.5262144575	-0.917025423729	2.0	2.0	449.973317143	30.1200679321	-0.000307025146484	2.0	100000.0	0.1	40.284259	1512551080.98	-0.0697711855041	
-0.0595680404417	-0.00016364	0.0	2.0	1.9985	-69.9999496025	0.0	-0.0595680404417	6.98269598254	1.5262144575	-0.917025423729	2.0	2.0	449.93359372	30.1208056641	0.000332495117188	2.0	100000.0	0.1	42.280761	1512551082.98	-0.0597711855041	
-0.0495764741192	-0.00016364	0.0	2.0	1.9985	-69.9999496025	0.0	-0.0495764741192	6.98269598254	1.5262144575	-0.917025423729	2.0	2.0	449.914676975	30.1162990723	0.00184103393555	2.0	100000.0	0.1	44.324213	1512551085.02	-0.0497711855041	
-0.0395086362981	-0.00016364	0.0	2.0	1.9985	-69.9999496025	0.0	-0.0395086362981	6.98273741544	1.5262144575	-0.917025423729	2.0	2.0	449.903794285	30.1226902466	0.00568470458984	2.0	100000.0	0.1	46.38268	1512551087.08	-0.0397711855041	
-0.0295170699756	-0.00016364	0.0	2.0	1.9985	-69.9999496025	0.0	-0.0295170699756	6.98273741544	1.5262144575	-0.917025423729	2.0	2.0	449.875844084	30.120572998	0.0196873291016	2.0	100000.0	0.1	48.379427	1512551089.08	-0.0297711855041	
-0.0194492321545	-0.00016364	0.0	2.0	1.9985	-69.9999496025	0.0	-0.0194492321545	6.98273741544	1.5262144575	-0.917025423729	2.0	2.0	449.856255297	30.1203581543	0.385751696777	2.0	100000.0	0.1	50.460063	1512551091.16	-0.0197711855041	
-0.0095339373306	-0.00016364	0.0	2.0	1.9985	-69.9999496025	0.0	-0.0095339373306	6.98265454978	1.5262144575	-0.917025423729	2.0	2.0	449.835894443	30.1189348755	1.14777935181	2.0	100000.0	0.1	52.472496	1512551093.17	-0.0097711855041	
0.0004576289919	-0.00016364	0.0	2.0	1.9985	-69.9999496025	0.0	0.0004576289919	6.98269598254	1.5262144575	-0.917025423729	2.0	2.0	449.835894443	30.119616272	1.54757156982	2.0	100000.0	0.1	54.524249	1512551095.22	0.0002288144959	
0.0104491953144	-0.00016364	0.0	2.0	1.9985	-69.9999496025	0.0	0.0104491953144	6.98273741544	1.5262144575	-0.917025423729	2.0	2.0	449.796081986	30.1179271851	1.10450897217	2.0	100000.0	0.1	56.535988	1512551097.24	0.0102288144959	
0.0204407616369	-0.00016364	0.0	2.0	1.9985	-69.9999496025	0.0	0.0204407616369	6.98273741544	1.5262144575	-0.917025423729	2.0	2.0	449.796081986	30.2430286255	0.347802844238	2.0	100000.0	0.1	58.582541	1512551099.28	0.0202288144959	
0.0304323279594	-0.00016364	0.0	2.0	1.9985	-69.9999496025	0.0	0.0304323279594	6.98273741544	1.5262144575	-0.917025423729	2.0	2.0	451.694020722	30.2396608276	0.0160300537109	2.0	100000.0	0.1	60.628221	1512551101.33	0.0302288144959	
0.0405001657805	-0.00016364	0.0	2.0	1.9985	-69.9999496025	0.0	0.0405001657805	6.98273741544	1.5262144575	-0.917025423729	2.0	2.0	451.683412679	30.2438529663	0.00562055664062	2.0	100000.0	0.1	62.629977	1512551103.33	0.0402288144959	
0.050491732103	-0.00016364	0.0	2.0	1.9985	-69.9999496025	0.0	0.050491732103	6.98277884848	1.5262144575	-0.917025423729	2.0	2.0	451.638570242	30.239196167	0.00216916503906	2.0	100000.0	0.1	64.730164	1512551105.43	0.0502288144959	
0.0605595699241	-0.00016364	0.0	2.0	1.9985	-69.9999496025	0.0	0.0605595699241	6.98273741544	1.5262144575	-0.917025423729	2.0	2.0	451.629852876	30.2410527344	0.000406091308594	2.0	100000.0	0.1	66.727717	1512551107.43	0.0602288144959	
0.070474864748	-0.00016364	0.0	2.0	1.9985	-69.9999496025	0.0	0.070474864748	6.98273741544	1.5262144575	-0.917025423729	2.0	2.0	451.609631348	30.2398240967	-0.000400512695313	2.0	100000.0	0.1	68.7356	1512551109.44	0.0702288144959	
0.0805427025691	-0.00016364	0.0	2.0	1.9985	-69.9999496025	0.0	0.0805427025691	6.98273741544	1.5262144575	-0.917025423729	2.0	2.0	451.589259785	30.23490979	-0.000644659423828	2.0	100000.0	0.1	70.943633	1512551111.64	0.0802288144959	
0.090457997393	-0.00016364	0.0	2.0	1.9985	-69.9999496025	0.0	0.090457997393	6.98273741544	1.5262144575	-0.917025423729	2.0	2.0	451.580502186	30.2320141602	-0.000776495361328	2.0	100000.0	0.1	72.798007	1512551113.5	0.0902288144959	
0.100525835214	-0.00016364	0.0	2.0	1.9985	-69.9999496025	0.0	0.100525835214	6.98273741544	1.5262144575	-0.917025423729	2.0	2.0	451.569822337	30.231567749	-0.000940466308594	2.0	100000.0	0.1	74.844446	1512551115.54	0.100228814496	
0.110441130038	-0.00016364	0.0	2.0	1.9985	-69.9999496025	0.0	0.110441130038	6.98269598254	1.5262144575	-0.917025423729	2.0	2.0	451.530525088	30.2280206299	-0.000959643554687	2.0	100000.0	0.1	76.838644	1512551117.54	0.110228814496	
0.120432696361	-0.00016364	0.0	2.0	1.9985	-69.9999496025	0.0	0.120432696361	6.98273741544	1.5262144575	-0.917025423729	2.0	2.0	451.510369778	30.2286448364	-0.00100015869141	2.0	100000.0	0.1	78.724725	1512551119.42	0.120228814496	
0.130424262683	-0.00016364	0.0	2.0	1.9985	-69.9999496025	0.0	0.130424262683	6.98269598254	1.5262144575	-0.917025423729	2.0	2.0	451.500004064	30.226701355	-0.00102774658203	2.0	100000.0	0.1	80.687887	1512551121.39	0.130228814496	
0.140492100504	-0.00016364	0.0	2.0	1.9985	-69.9999496025	0.0	0.140492100504	6.98273741544	1.5262144575	-0.917025423729	2.0	2.0	451.470205281	30.2235723267	-0.000960845947266	2.0	100000.0	0.1	83.010137	1512551123.71	0.140228814496	
0.150483666827	-0.00016364	0.0	2.0	1.9985	-69.9999496025	0.0	0.150483666827	6.98273741544	1.5262144575	-0.917025423729	2.0	2.0	451.459733676	30.2206400146	-0.00106615600586	2.0	100000.0	0.1	85.001132	1512551125.7	0.150228814496	
0.160475233149	-0.00016364	0.0	2.0	1.9985	-69.9999496025	0.0	0.160475233149	6.98269598254	1.5262144575	-0.917025423729	2.0	2.0	451.449625567	30.2204456787	-0.00105050048828	2.0	100000.0	0.1	87.057202	1512551127.76	0.160228814496	
0.170466799472	-0.00016364	0.0	2.0	1.9985	-69.9999496025	0.0	0.170466799472	6.98273741544	1.5262144575	-0.917025423729	2.0	2.0	451.42027773	30.2190317383	-0.00104975585938	2.0	100000.0	0.1	89.055758	1512551129.76	0.170228814496	
0.180458365794	-0.00016364	0.0	2.0	1.9985	-69.9999496025	0.0	0.180458365794	6.98273741544	1.5262144575	-0.917025423729	2.0	2.0	451.400741749	30.2309110107	-0.00102268676758	2.0	100000.0	0.1	91.105703	1512551131.81	0.180228814496	
0.190449932117	-0.00016364	0.0	2.0	1.9985	-69.9999496025	0.0	0.190449932117	6.98273741544	1.5262144575	-0.917025423729	2.0	2.0	451.606386062	30.2351850586	-0.0010150390625	2.0	100000.0	0.1	93.263639	1512551133.96	0.190228814496	
0.200517769938	-0.00016364	0.0	2.0	1.9985	-69.9999496025	0.0	0.200517769938	6.98273741544	1.5262144575	-0.917025423729	2.0	2.0	451.585817989	30.2338270264	-0.00103939208984	2.0	100000.0	0.1	95.158692	1512551135.86	0.200228814496	
0.210433064762	-0.00016364	0.0	2.0	1.9985	-69.9999496025	0.0	0.210433064762	6.98269598254	1.5262144575	-0.917025423729	2.0	2.0	451.564776991	30.2279007568	-0.00105927734375	2.0	100000.0	0.1	97.155976	1512551137.86	0.210228814496	
0.220500902583	-0.00016364	0.0	2.0	1.9985	-69.9999496025	0.0	0.220500902583	6.98273741544	1.5262144575	-0.917025423729	2.0	2.0	451.536771096	30.2244815674	-0.00103453979492	2.0	100000.0	0.1	99.206917	1512551139.91	0.220228814496	
0.230492468905	-0.00016364	0.0	2.0	1.9985	-69.9999496025	0.0	0.230492468905	6.98273741544	1.5262144575	-0.917025423729	2.0	2.0	451.52628934	30.2259014282	-0.00101282348633	2.0	100000.0	0.1	101.260343	1512551141.96	0.230228814496	
0.240484035228	-0.00016364	0.0	2.0	1.9985	-69.9999496025	0.0	0.240484035228	6.98273741544	1.5262144575	-0.917025423729	2.0	2.0	451.505765319	30.2276917114	-0.0010296081543	2.0	100000.0	0.1	103.257006	1512551143.96	0.240228814496	
0.25047560155	-0.00016364	0.0	2.0	1.9985	-69.9999496025	0.0	0.25047560155	6.98273741544	1.5262144575	-0.917025423729	2.0	2.0	451.494890265	30.2237331543	-0.00107005004883	2.0	100000.0	0.1	105.319656	1512551146.02	0.250228814496	
