zs	delta	ys	ds1hg	os2hg	zs	alphax	gamma	hu36energy	xs	thetah	ds2hg	ss1hg	current	mon2	dioderefl	mon4	gainfemtodioderefl	integration_time	sensors_rel_timestamps	sensorsTimestamps	i15-c-cx1/ex/v2_grp_zs.pos/pos	
-67.2915464875	0.00049092	1.6002200075	2.0	1.9985	-67.2915464875	0.0	0.0001525429973	6.98273741544	0.0	0.372652542373	2.0	2.0	450.553131197	30.2350092773	0.188661462402	0.120939887695	100000.0	0.1	3.285287	1512571120.12	-67.291309	
-67.2709449425	0.00049092	1.6002200075	2.0	1.9985	-67.2709449425	0.0	-0.0007627149864	6.98273741544	0.0	0.372652542373	2.0	2.0	450.543963537	30.2405146484	0.188688824463	0.120993704224	100000.0	0.1	4.18004	1512571121.02	-67.271309	
-67.2511434575	0.00049092	1.6002200075	2.0	1.9985	-67.2511434575	0.0	-7.62714986e-05	6.98273741544	0.0	0.372652542373	2.0	2.0	450.543963537	30.237934021	0.188649951172	0.120967940063	100000.0	0.1	4.815295	1512571121.65	-67.251309	
-67.23104195	0.00049092	1.6002200075	2.0	1.9985	-67.23104195	0.0	0.0003050859946	6.98273741544	0.0	0.372652542373	2.0	2.0	450.534519367	30.2353135986	0.188634710693	0.120955654907	100000.0	0.1	5.610896	1512571122.45	-67.231309	
-67.2109404425	0.00049092	1.6002200075	2.0	1.9985	-67.2109404425	0.0	0.0003813574932	6.98265454978	0.0	0.372652542373	2.0	2.0	450.534519367	30.2341801758	0.188588873291	0.120965689697	100000.0	0.1	6.351372	1512571123.19	-67.211309	
-67.1911389575	0.00049092	1.6002200075	2.0	1.9985	-67.1911389575	0.0	0.0018305159675	6.98273741544	0.0	0.372652542373	2.0	2.0	450.525917299	30.2334085693	0.188430743408	0.12097144165	100000.0	0.1	7.138457	1512571123.98	-67.191309	
-67.1709374425	0.00049092	1.6002200075	2.0	1.9985	-67.1709374425	0.0	0.0001525429973	6.98273741544	0.0	0.372652542373	2.0	2.0	450.514496583	30.2348580322	0.1887284729	0.1210237854	100000.0	0.1	7.876516	1512571124.72	-67.171309	
-67.1509359425	0.00049092	1.6002200075	2.0	1.9985	-67.1509359425	0.0	0.0001525429973	6.98273741544	0.0	0.372652542373	2.0	2.0	450.514496583	30.2371031494	0.188550189209	0.120938206177	100000.0	0.1	8.667765	1512571125.51	-67.151309	
-67.13103445	0.00049092	1.6002200075	2.0	1.9985	-67.13103445	0.0	0.0001525429973	6.98277884848	0.0	0.372652542373	2.0	2.0	450.50368784	30.2337104492	0.188355767822	0.120878519897	100000.0	0.1	9.400634	1512571126.24	-67.131309	
-67.1109329425	0.00049092	1.6002200075	2.0	1.9985	-67.1109329425	0.0	0.0001525429973	6.98269598254	0.0	0.372652542373	2.0	2.0	450.494168792	30.2372929077	0.188372961426	0.120980831299	100000.0	0.1	10.221609	1512571127.06	-67.111309	
-67.0911314575	0.00049092	1.6002200075	2.0	1.9985	-67.0911314575	0.0	0.0001525429973	6.98261311717	0.0	0.372652542373	2.0	2.0	450.494168792	30.2305480957	0.188201922607	0.12090861084	100000.0	0.1	10.960947	1512571127.8	-67.091309	
-67.070829935	0.00049092	1.6002200075	2.0	1.9985	-67.070829935	0.0	-0.0006864434878	6.98261311717	0.0	0.372652542373	2.0	2.0	450.484119076	30.2301075439	0.188088494873	0.120854713745	100000.0	0.1	11.704534	1512571128.54	-67.071309	
-67.05102845	0.00049092	1.6002200075	2.0	1.9985	-67.05102845	0.0	0.0002288144959	6.98269598254	0.0	0.372652542373	2.0	2.0	450.474446826	30.2357046509	0.188325079346	0.120952127686	100000.0	0.1	12.836994	1512571129.68	-67.051309	
-67.03102695	0.00049092	1.6002200075	2.0	1.9985	-67.03102695	0.0	0.0003050859946	6.98273741544	0.0	0.372652542373	2.0	2.0	450.474446826	30.2316279907	0.188191912842	0.120970656128	100000.0	0.1	13.473768	1512571130.31	-67.031309	
-67.0109254425	0.00049092	1.6002200075	2.0	1.9985	-67.0109254425	0.0	0.0006864434878	6.98269598254	0.0	0.372652542373	2.0	2.0	450.46366863	30.2299868164	0.188059942627	0.120890664673	100000.0	0.1	14.472968	1512571131.31	-67.011309	
-66.99102395	0.00049092	1.6002200075	2.0	1.9985	-66.99102395	0.0	0.0002288144959	6.98269598254	0.0	0.372652542373	2.0	2.0	450.46366863	30.2335603638	0.187882470703	0.120969605103	100000.0	0.1	15.635408	1512571132.47	-66.991309	
-66.970822435	0.00049092	1.6002200075	2.0	1.9985	-66.970822435	0.0	0.0001525429973	6.98273741544	0.0	0.372652542373	2.0	2.0	450.46366863	30.2243864136	0.186349414062	0.12083510376	100000.0	0.1	16.286867	1512571133.13	-66.971309	
-66.9511209575	0.00049092	1.6002200075	2.0	1.9985	-66.9511209575	0.0	0.0001525429973	6.98269598254	0.0	0.372652542373	2.0	2.0	450.442654919	30.2262561035	0.180605523682	0.12095300293	100000.0	0.1	17.073664	1512571133.91	-66.951309	
-66.93101945	0.00049092	1.6002200075	2.0	1.9985	-66.93101945	0.0	0.0001525429973	6.98269598254	0.0	0.372652542373	2.0	2.0	450.442654919	30.2341055298	0.169807263184	0.120985192871	100000.0	0.1	17.812062	1512571134.65	-66.931309	
-66.9109179425	0.00049092	1.6002200075	2.0	1.9985	-66.9109179425	0.0	-0.0005339004905	6.98273741544	0.0	0.372652542373	2.0	2.0	450.434124656	30.2324943848	0.158372766113	0.120993047485	100000.0	0.1	18.614847	1512571135.45	-66.911309	
-66.8911164575	0.00049092	1.6002200075	2.0	1.9985	-66.8911164575	0.0	0.0002288144959	6.98273741544	0.0	0.372652542373	2.0	2.0	450.434124656	30.2244944458	0.149464813232	0.120807524414	100000.0	0.1	19.386388	1512571136.23	-66.891309	
-66.870814935	0.00049092	1.6002200075	2.0	1.9985	-66.870814935	0.0	0.0003050859946	6.98273741544	0.0	0.372652542373	2.0	2.0	450.414239615	30.2265780029	0.13893147583	0.120932390747	100000.0	0.1	20.13941	1512571136.98	-66.871309	
-66.8511134575	0.00049092	1.6002200075	2.0	1.9985	-66.8511134575	0.0	0.0004576289919	6.98273741544	0.0	0.372652542373	2.0	2.0	450.394967571	30.2255606689	0.129238824463	0.120949743652	100000.0	0.1	21.00981	1512571137.85	-66.851309	
-66.8309119425	0.00049092	1.6002200075	2.0	1.9985	-66.8309119425	0.0	0.0009915294824	6.98265454978	0.0	0.372652542373	2.0	2.0	450.394967571	30.2297437744	0.124180181885	0.12098638916	100000.0	0.1	21.64608	1512571138.49	-66.831309	
-66.81101045	0.00049092	1.6002200075	2.0	1.9985	-66.81101045	0.0	0.0001525429973	6.98269598254	0.0	0.372652542373	2.0	2.0	450.385054667	30.2316740112	0.114873760986	0.12103632019	100000.0	0.1	22.446565	1512571139.29	-66.811309	
-66.79100895	0.00049092	1.6002200075	2.0	1.9985	-66.79100895	0.0	0.0001525429973	6.98269598254	0.0	0.372652542373	2.0	2.0	450.385054667	30.2287532349	0.0973663269043	0.120977663574	100000.0	0.1	23.181417	1512571140.02	-66.791309	
-66.770807435	0.00049092	1.6002200075	2.0	1.9985	-66.770807435	0.0	0.0001525429973	6.98269598254	0.0	0.372652542373	2.0	2.0	450.374833215	30.2215343018	0.0865444519043	0.120853569946	100000.0	0.1	23.977404	1512571140.82	-66.771309	
-66.7511059575	0.00049092	1.6002200075	2.0	1.9985	-66.7511059575	0.0	0.0001525429973	6.98269598254	0.0	0.372652542373	2.0	2.0	450.374833215	30.2277846069	0.0749345153809	0.120914840088	100000.0	0.1	24.716526	1512571141.56	-66.751309	
-66.7309044425	0.00049092	1.6002200075	2.0	1.9985	-66.7309044425	0.0	-0.0003813574932	6.98269598254	0.0	0.372652542373	2.0	2.0	450.356224552	30.225611145	0.0630137695312	0.120969502563	100000.0	0.1	25.462989	1512571142.3	-66.731309	
-66.7109029425	0.00049092	1.6002200075	2.0	1.9985	-66.7109029425	0.0	0.0001525429973	6.98273741544	0.0	0.372652542373	2.0	2.0	450.356224552	30.2276291504	0.0546541503906	0.121000924072	100000.0	0.1	26.265075	1512571143.1	-66.711309	
-66.69100145	0.00049092	1.6002200075	2.0	1.9985	-66.69100145	0.0	0.0003050859946	6.98273741544	0.0	0.372652542373	2.0	2.0	450.346264057	30.2296012573	0.0480667114258	0.121032703857	100000.0	0.1	26.998824	1512571143.84	-66.691309	
-66.670799935	0.00049092	1.6002200075	2.0	1.9985	-66.670799935	0.0	0.0004576289919	6.98273741544	0.0	0.372652542373	2.0	2.0	450.337151904	30.2261905518	0.0429155517578	0.120934564209	100000.0	0.1	27.978927	1512571144.82	-66.671309	
-66.65099845	0.00049092	1.6002200075	2.0	1.9985	-66.65099845	0.0	0.0003813574932	6.98269598254	0.0	0.372652542373	2.0	2.0	450.337151904	30.2281946411	0.0344488586426	0.121038311768	100000.0	0.1	28.829167	1512571145.67	-66.651309	
-66.6308969425	0.00049092	1.6002200075	2.0	1.9985	-66.6308969425	0.0	0.0001525429973	6.98273741544	0.0	0.372652542373	2.0	2.0	450.317528006	30.2243063354	0.0186821350098	0.120960162354	100000.0	0.1	29.568169	1512571146.41	-66.631309	
-66.6108954425	0.00049092	1.6002200075	2.0	1.9985	-66.6108954425	0.0	0.0001525429973	6.98273741544	0.0	0.372652542373	2.0	2.0	450.306737889	30.2235159302	0.00877781982422	0.120922718506	100000.0	0.1	30.305988	1512571147.15	-66.611309	
-66.59099395	0.00049092	1.6002200075	2.0	1.9985	-66.59099395	0.0	0.0001525429973	6.98273741544	0.0	0.372652542373	2.0	2.0	450.306737889	30.2188681641	0.00246083374023	0.120872050781	100000.0	0.1	31.259957	1512571148.1	-66.591309	
-66.570792435	0.00049092	1.6002200075	2.0	1.9985	-66.570792435	0.0	0.0001525429973	6.98273741544	0.0	0.372652542373	2.0	2.0	450.297626294	30.2233563232	0.00213154907227	0.121019875488	100000.0	0.1	32.122157	1512571148.96	-66.571309	
-66.55099095	0.00049092	1.6002200075	2.0	1.9985	-66.55099095	0.0	-7.62714986e-05	6.98273741544	0.0	0.372652542373	2.0	2.0	450.287749618	30.2203200684	0.00212046508789	0.120876357422	100000.0	0.1	32.865443	1512571149.7	-66.551309	
-66.53098945	0.00049092	1.6002200075	2.0	1.9985	-66.53098945	0.0	-0.0001525429973	6.98269598254	0.0	0.372652542373	2.0	2.0	450.277297013	30.2166279907	0.00209769897461	0.120844388428	100000.0	0.1	33.771163	1512571150.61	-66.531309	
-66.5108879425	0.00049092	1.6002200075	2.0	1.9985	-66.5108879425	0.0	0.0003050859946	6.98269598254	0.0	0.372652542373	2.0	2.0	450.277297013	30.2192058105	0.00209519042969	0.120861466675	100000.0	0.1	34.408213	1512571151.25	-66.511309	
-66.49098645	0.00049092	1.6002200075	2.0	1.9985	-66.49098645	0.0	0.0002288144959	6.98269598254	0.0	0.372652542373	2.0	2.0	450.266872626	30.2221751099	0.00210288696289	0.120985535889	100000.0	0.1	35.150093	1512571151.99	-66.491309	
-66.470784935	0.00049092	1.6002200075	2.0	1.9985	-66.470784935	0.0	0.0004576289919	6.98269598254	0.0	0.372652542373	2.0	2.0	450.266872626	30.2140986938	0.00212894287109	0.120878361206	100000.0	0.1	35.943681	1512571152.78	-66.471309	
-66.4510834575	0.00049092	1.6002200075	2.0	1.9985	-66.4510834575	0.0	0.0009152579837	6.98273741544	0.0	0.372652542373	2.0	2.0	450.25726594	30.2178061523	0.00212899780273	0.120942159424	100000.0	0.1	36.680698	1512571153.52	-66.451309	
-66.4308819425	0.00049092	1.6002200075	2.0	1.9985	-66.4308819425	0.0	0.0001525429973	6.98269598254	0.0	0.372652542373	2.0	2.0	450.23825597	30.2139434814	0.00212620239258	0.120830678711	100000.0	0.1	37.469194	1512571154.31	-66.431309	
-66.4108804425	0.00049092	1.6002200075	2.0	1.9985	-66.4108804425	0.0	0.0001525429973	6.98273741544	0.0	0.372652542373	2.0	2.0	450.23825597	30.2184954224	0.00209205932617	0.120942544556	100000.0	0.1	38.206443	1512571155.05	-66.411309	
-66.39097895	0.00049092	1.6002200075	2.0	1.9985	-66.39097895	0.0	-0.0003050859946	6.98273741544	0.0	0.372652542373	2.0	2.0	450.227488857	30.2144976807	0.00212026367187	0.12081847229	100000.0	0.1	38.999869	1512571155.84	-66.391309	
-66.370777435	0.00049092	1.6002200075	2.0	1.9985	-66.370777435	0.0	-0.0002288144959	6.98269598254	0.0	0.372652542373	2.0	2.0	450.227488857	30.21815802	0.0021119934082	0.120975708618	100000.0	0.1	39.74938	1512571156.59	-66.371309	
-66.3510759575	0.00049092	1.6002200075	2.0	1.9985	-66.3510759575	0.0	0.0003050859946	6.98273741544	0.0	0.372652542373	2.0	2.0	450.21740878	30.220364624	0.0021228515625	0.121024505005	100000.0	0.1	40.775576	1512571157.61	-66.351309	
-66.33097445	0.00049092	1.6002200075	2.0	1.9985	-66.33097445	0.0	0.0004576289919	6.98269598254	0.0	0.372652542373	2.0	2.0	450.21740878	30.2154432983	0.00212144775391	0.120947528687	100000.0	0.1	41.56199	1512571158.4	-66.331309	
-66.3108729425	0.00049092	1.6002200075	2.0	1.9985	-66.3108729425	0.0	0.0009915294824	6.98273741544	0.0	0.372652542373	2.0	2.0	450.208155159	30.2129526978	0.00213842773438	0.120799124146	100000.0	0.1	42.328633	1512571159.17	-66.311309	
-66.29097145	0.00049092	1.6002200075	2.0	1.9985	-66.29097145	0.0	7.62714987e-05	6.98273741544	0.0	0.372652542373	2.0	2.0	450.208155159	30.2149668579	0.00211971435547	0.120930228271	100000.0	0.1	43.065034	1512571159.9	-66.291309	
